4, 3, 1, 2, 27, 5, 30, 14, 4, 18, 32, 31, 31, 6, 20, 7, 7, 11, 17, 16, 13, 21, 18, 7, 21, 25, 19,
18, 21, 24, 17, 32, 3, 18, 21, 6, 18, 31, 31, 18, 24, 11, 22, 22, 3, 7, 28, 19, 7, 19, 7, 1, 24, 6, 3,
20, 14, 32, 32, 32, 5, 30, 32, 23, 18, 20, 9, 30, 32, 5, 15, 22, 29, 11, 11, 13, 3, 3, 10, 22, 27, 5,
18, 20, 9, 31, 24, 17, 8, 8, 21, 31, 15, 25, 5, 10, 27, 22, 20, 3, 27, 3, 14, 13, 19, 11, 28, 19, 2,
19, 20, 1, 6, 21, 10, 1, 7, 10, 4, 20, 19, 27, 14, 19, 12, 24, 22, 4, 17, 3, 31, 20, 20, 10, 6, 20,
22, 25, 27, 6, 4, 28, 6, 25, 27, 11, 15, 29, 3, 5, 19, 31, 6, 23, 15, 29, 9, 5, 26, 21, 16, 31, 9, 26,
32, 17, 23, 13, 28, 15, 3, 18, 24, 16, 2, 25, 14, 8, 13, 18, 25, 22, 5, 17, 12, 17, 27, 14, 19, 19,
2, 4, 28, 25, 5, 5, 8, 17, 31, 27, 8, 23, 26, 23, 17, 20, 28, 3, 30, 27, 25, 12, 11, 11, 3, 14, 10,
29, 22, 5, 3, 25, 19, 23, 28, 25, 10, 14, 21, 23, 13, 31, 11, 31, 7, 2, 31, 31, 12, 27, 11, 22, 3, 1,
28, 15, 23, 15, 1, 12, 32, 27, 9, 31, 31, 11, 31, 15, 24, 16, 5, 32, 27, 9, 8, 32, 11, 32, 15, 31,
31, 17, 23, 25, 9, 13, 16, 26, 31, 18, 26, 27, 7, 25, 14, 22, 20, 14, 7, 2, 7, 14, 23, 16, 6, 16, 3,
10, 20, 14, 26, 24, 4, 16, 26, 9, 15, 20, 8, 26, 20, 17, 26, 22, 1, 16, 18, 27, 26, 4, 18, 7, 9, 30,
19, 16, 27, 21, 3, 32, 27, 19, 17, 17, 12, 17, 2, 26, 4, 31, 5, 19, 16, 17, 6, 31, 17, 1, 13, 26, 23,
1, 14, 15, 20, 11, 12, 24, 27, 29, 9, 10, 4, 19, 12, 8, 12, 19, 24, 26, 22, 28, 30, 18, 5, 6, 11, 1,
23, 3, 5, 27, 19, 14, 9, 10, 12, 4, 7, 15, 2, 32, 9, 5, 15, 12, 22, 15, 19, 13, 19, 31, 29, 19, 9, 8,
4, 21, 29, 32, 13, 19, 14, 32, 21, 25, 10, 31, 31, 24, 26, 32, 6, 4, 27, 24, 1, 13, 9, 6, 2, 21, 21,
22, 3, 13, 9, 14, 14, 28, 27, 23, 15, 6, 21, 1, 16, 3, 25, 9, 12, 18, 6, 29, 4, 20, 14, 22, 6, 22, 9,
15, 17, 12, 12, 21, 4, 25, 11, 11, 9, 13, 4, 30, 9, 22, 2, 30, 14, 21, 29, 28, 32, 29, 25, 30, 28,
21, 10, 9, 27, 20, 28, 15, 12, 22, 7, 9, 22, 5, 29, 12, 18, 24, 26, 19, 16, 11, 16, 8, 22, 23, 13,
27, 29, 16, 30, 25, 11, 32, 13, 14, 24, 15, 16, 19, 24, 22, 28, 6, 14, 14, 21, 20, 16, 16, 12, 2,
20, 19, 11, 20, 22, 20, 28, 23, 7, 32, 2, 11, 30, 19, 23, 30, 11, 12, 22, 28, 26, 31, 26, 21, 9, 21,
23, 21, 16, 20, 15, 18, 20, 3, 6, 24, 17, 24, 9, 32, 32, 26, 3, 9, 26, 17, 7, 9, 1, 7, 12, 4, 32, 9,
24, 12, 24, 16, 8, 16, 12, 27, 6, 18, 29, 6, 28, 5, 6, 31, 17, 14, 6, 18, 9, 29, 8, 29, 18, 29, 1, 22,
20, 28, 27, 12, 3, 10, 4, 26, 1, 17, 10, 23, 21, 16, 10, 6, 8, 26, 2, 13, 12, 21, 28, 19, 25, 17, 27,
21, 21, 11, 4, 20, 5, 7, 9, 26, 12, 14, 20, 27, 3, 18, 25, 21, 12, 11, 25, 11, 3, 14, 24, 4, 15, 9, 1,
3, 19, 28, 20, 24, 5, 1, 30, 1, 25, 30, 2, 4, 5, 1, 24, 26, 16, 24, 18, 29, 11, 31, 1, 15, 13, 23, 17,
10, 15, 23, 18, 6, 27, 1, 9, 14, 6, 7, 26, 11, 4, 28, 31, 5, 8, 4, 23, 4, 20, 5, 27, 26, 29, 8, 18, 6,
25, 22, 31, 31, 17, 25, 6, 18, 21, 18, 25, 3, 22, 3, 18, 21, 20, 21, 32, 25, 13, 20, 4, 25, 10, 4,
15, 4, 11, 21, 25, 30, 17, 10, 4, 25, 21, 26, 27, 26, 6, 12, 15, 24, 2, 1, 8, 12, 32, 3, 19, 8, 18,
22, 29, 28, 7, 3, 20, 6, 25, 16, 14, 26, 24, 24, 7, 8, 30, 20, 19, 25, 32, 12, 19, 27, 27, 6, 26, 3,
2, 25, 21, 30, 21, 20, 26, 9, 3, 23, 23, 20, 28, 2, 10, 25, 10, 9, 8, 24, 18, 16, 23, 17, 15, 12, 14,
13, 10, 22, 4, 22, 18, 12, 19, 24, 3, 6, 5, 17, 22, 4, 10, 21, 31, 3, 21, 15, 27, 28, 29, 12, 27, 15,
21, 21, 25, 14, 21, 32, 18, 4, 32, 13, 15, 23, 23, 6, 3, 27, 31, 14, 1, 22, 31, 5, 30, 15, 28, 17,
15, 24, 19, 19, 22, 18, 29, 21, 26, 7, 13, 3, 29, 13, 19, 16, 1, 10, 3, 10, 2, 8, 6, 9, 2, 14, 13, 31,
24, 12, 16, 23, 4, 13, 11, 29, 5, 14, 20, 12, 11, 8, 9, 29, 3, 7, 1, 29, 24, 20, 17, 13, 5, 26, 11,
16, 22, 12, 6, 10, 7, 10, 25, 29, 3, 9, 24, 31, 28, 22, 13, 30, 26, 26, 27, 8, 5, 27, 8, 3, 6, 10, 12,
6, 6, 10, 3, 9, 12, 30, 26, 23, 10, 4, 24, 7, 10, 28, 9, 19, 21, 3, 32, 7, 25, 24, 29, 5, 30, 28, 2,
10, 13, 10, 8, 25, 31, 4, 2, 20, 25, 16, 7, 24, 15, 15, 25, 3, 18, 30, 30, 11, 1, 27, 20, 4, 2, 14,
13, 6, 31, 20, 4, 22, 20, 22, 3, 16, 4, 9, 6, 6, 7, 24, 10, 16, 4, 9, 3, 21, 26, 30, 10, 1, 8, 1, 7, 32,
25, 27, 9, 4, 28, 26, 26, 8, 25, 13, 16, 15, 23, 1, 20, 18, 23, 15, 32, 16, 5, 31, 17, 2, 8, 29, 32,
13, 21, 5, 31, 15, 17, 6, 29, 21, 18, 3, 15, 12, 1, 3, 7, 22, 31, 9, 12, 22, 4, 21, 1, 26, 19, 5, 23,
18, 28, 11, 15, 10, 31, 28, 30, 23, 25, 32, 23, 10, 12, 14, 23, 9, 5, 10, 8, 2, 25, 30, 15, 22, 28,
27, 8, 27, 28, 20, 32, 3, 2, 32, 17, 13, 1, 3, 4, 6, 21, 12, 29, 28, 26, 15, 8, 7, 22, 30, 13, 11, 30,
18, 21, 32, 31, 7, 24, 10, 25, 8, 31, 31, 14, 16, 10, 17, 5, 22, 17, 7, 24, 13, 18, 18, 8, 28, 15,
21, 32, 8, 32, 11, 16, 14, 6, 30, 14, 28, 13, 20, 28, 15, 23, 11, 4, 13, 5, 19, 8, 28, 31, 1, 8, 11,
22, 23, 21, 7, 8, 31, 6, 32, 28, 21, 26, 22, 32, 16, 3, 29, 10, 4, 10, 7, 25, 11, 20, 4, 15, 2, 19,
14, 1, 2, 12, 23, 8, 4, 7, 28, 8, 10, 10, 14, 19, 17, 13, 17, 19, 12, 20, 1, 16, 20, 31
